7„

[5570'577777775 S5755551517577755.¹
2 Ι9- 49 ς,’ ,490 981

W
ι ξ 5 4 7 “ ³
9699ι9999 9999ι9969 5335*
999 96999989 9999 4499 8969 9999 98”’ἷ””99 ·

-999 9698 9988 9999 9449 9996 9994 ι”8”ἰ88
999 9669 99999999 44999 89 9998 4974 24 ,

-999 9664 9996 998 9469 9999 9199188441 ,. ’

99 9669 9699 9994 4468 9499 9996 966ἧὶ 9

999 9699 9699 9949 4496 9499 9999 98999 ·
99699 9949 4489 998 ’9964 15325 22

99693 3551

9699 9996 4999 9494 9999 989”8”9 ,
92 785 370 -555 ·740 4680. 9969 3561 4409 ·ς440 44904 {5515} ’
99 ·185 ·999· 999 999 9689 9699 9966 9998 9499 9999 98499 22

·99 ¹85 999 996 ·949 9686 969 9999 49949998 9230 58460
99 986 :5773558 794 9688 9699 9997 49948469 8949409984 . Ι

·998 999 9699 96969989 9998 9499 925⁶

78572
7857 21

4946 9699 9649 9989 4994

-999 969 9494 9698 9698ι 9999 4546 9996 6999 ἰιιῖ986
·ι999 ¹70¹ 9699 9699 4999 9999 9999 'Lm‘
99 ·989 ·999 ·969 ·999 9999 9699 9699 9998 9999 9999 98699 ²⁰ ’

 

